 [(1, 0, 1), (1, 1, 0)]
 [(1, 1, 0), (4, 1, 1), (7, 0, 2)]
 [(3, 2, 0), (7, 0, 2), (4, 1, 1)]
 [(4, 1, 1), (4, 2, 1), (6, 3, 0), (7, 0, 2)]
 [(4, 2, 1), (7, 0, 2), (6, 3, 0), (12, 1, 2)]


 [(39, 8, 9), (39, 9, 6), (43, 7, 9), (46, 9, 8), (40, 8, 7)]
 [(39, 9, 6), (40, 8, 7), (43, 7, 9), (46, 9, 8), (40, 9, 9)]
 [(40, 8, 7), (40, 9, 9), (43, 7, 9), (46, 9, 8), (44, 9, 7)]
 [(40, 9, 9), (44, 9, 7), (43, 7, 9), (46, 9, 8)]


 [(1, (0, 1)), (1, (1, 0))]
 [(1, (1, 0)), (4, (1, 1))]
 [(1, (1, 0)), (4, (1, 1)), (2, (0, 0))]
 [(1, (1, 0)), (3, (0, 2)), (2, (0, 0)), (4, (1, 1))]
 [(2, (0, 0)), (2, (0, 0)), (4, (1, 1)), (3, (0, 2))]
 [(2, (0, 0)), (2, (0, 0)), (4, (1, 1)), (3, (0, 2)), (7, (2, 0))]

 ((8, 8), 41), ((9, 7), 48), ((9, 8), 44), ((9, 9), 47), ((9, 9), 40)
 [(40, (8, 0)), (41, (4, 6)), (40, (9, 3)), (41, (8, 1)), (41, (6, 9)), (41, (7, 0)), (40, (9, 9)), (41, (8, 7)), (42, (9, 2)), (43, (5, 9)), (42, (7, 7)), (42, (7, 8)), (41, (8, 1)), (41, (3, 5)), (41, (8, 8)), (42, (9, 3)), (44, (7, 9)), (43, (3, 6)), (45, (9, 7)), (43, (7, 8)), (48, (9, 7)), (46, (8, 9)), (44, (4, 9)), (46, (9, 2)), (47, (6, 8)), (44, (8, 3)), (43, (9, 7)), (41, (9, 5)), (48, (6, 8)), (42, (8, 8)), (46, (7, 7))]
 [(40, (8, 0)), (41, (4, 6)), (40, (9, 3)), (41, (8, 1)), (41, (6, 9)), (41, (7, 0)), (40, (9, 9)), (41, (8, 7)), (42, (9, 2)), (43, (5, 9)), (42, (7, 7)), (42, (7, 8)), (41, (8, 1)), (41, (3, 5)), (41, (8, 8)), (42, (9, 3)), (44, (7, 9)), (43, (3, 6)), (45, (9, 7)), (43, (7, 8)), (48, (9, 7)), (46, (8, 9)), (44, (4, 9)), (46, (9, 2)), (47, (6, 8)), (44, (8, 3)), (43, (9, 7)), (41, (9, 5)), (48, (6, 8)), (42, (8, 8)), (46, (7, 7)), (45, (7, 9))]
